1463
1463
1463
1463
1463
1463
1463
1463
1463
1463
1463
1463
1463
1463
1463
1463
1463
1463
1463
1463
1463
1463
1463
1463
1463
1463
1463
1463
1463
1463
1463
1463
1463
1463
1463
1463
1463
1463
1463
1463
1463
1463
1463
1463
1463
1463
1463
1463
1457
1437
1425
1441
1433
1431
1429
1425
1426
1440
1437
1667
2257
2191
2117
2058
2035
2019
2024
2021
2017
2015
2014
2005
1994
1998
1980
1988
1985
1988
1978
1979
1977
1972
1965
1960
1966
1962
1974
2200
1575
1517
1506
1500
1493
1487
1481
1478
1475
1474
1471
1471
1468
1465
1461
1461
1460
1457
1456
1456
1454
1452
1463
1460
1471
1460
1463
1471
1470
1473
1568
1611
1767
1870
1874
1910
1892
1873
1860
1850
1835
1836
1823
1813
1815
1809
1802
1800
1795
1780
1779
1772
1785
1776
1773
1769
1764
1761
1761
1760
1781
1488
1453
1442
1430
1422
1417
1414
1418
1420
1414
1408
1406
1406
1404
1402
1402
1403
1400
1396
1393
1392
1391
1389
1388
1387
1388
1391
1404
1702
2151
2184
2110
2063
2036
2032
2030
2018
2008
2004
1995
1983
1983
1978
1968
1968
1962
1957
1947
1935
1946
1946
1943
1943
1942
1938
1937
1942
1933
1924
