2100
2104
2102
2106
2103
2086
2102
2093
2089
2083
2111
2101
2108
2097
2101
2100
2104
2102
2106
2103
2086
2102
2093
2089
2083
2111
2097
2101
2100
2104
2102
2106
2103
2108
2097
2101
2100
2104
2102
2106
2103
2086
2102
2093
2089
2083
2111
2101
2108
2097
2101
2100
2104
2102
2106
2103
2086
2102
2093
2089
2083
2111
2101
2108
2097
2101
2100
2104
2102
2106
2103
2086
2102
2093
2089
2083
2111
2101
2108
2097
2101
2083
2111
2101
2108
2097
2101
2097
2085
2109
2095
2043
2062
2305
2313
2205
2015
1912
1913
1813
1983
1958
2116
2207
2259
2322
2255
2244
2171
1940
1915
1786
1900
1903
1950
2070
2224
2281
2355
2203
2203
1996
1984
1928
1858
1860
1879
2010
2116
2217
2327
2353
2196
2211
2130
2073
1844
1832
1778
1938
1957
2196
2147
2397
2247
2275
2120
1990
1863
1856
1815
1915
1887
2104
2137
2266
2258
2226
2219
2151
1953
1970
1839
1834
1839
1932
2017
2097
2240
2223
2295
2132
2198
2025
1954
1882
1850
1934
1906
2055
2074
2182
2198
2286
2231
2253
2023
2015
1834
1964
1854
1926
1961
2153
2214
2238
2306
2205
2253
2155
2152
1874
1946
1775
1923
1881
2000
2050
2236
2318
2288
2303
2216
2172
2059
1791
1978
1777
1810
1991
1964
2151
2127
2314
2268
2197
2178
2073
2030
1909
1859
1919
1819
2100
2104
2102
2106
2103
2086
2102
2093
2089
2083
2111
2101
2108
2097
2101
2100
2104
2102
2106
2103
2086
2102
2093
2089
2083
2111
2097
2101
2100
2104
2102
2106
2103
2108
2097
2101
2100
2104
2102
2106
2103
2086
2102
2093
2089
2083
2111
2101
2108
2097
2101
2100
2104
2102
2106
2103
2086
2102
2093
2089
2083
2111
2101
2108
2097
2101
2100
2104
2102
2106
2103
2086
2102
2093
2089
2083
2111
